# Created by Octave 5.1.0, Thu Jan 09 11:43:47 2020 GMT <unknown@DESKTOP-H5IEK5P>
# name: bupa_v2
# type: matrix
# rows: 345
# columns: 7
 0.84999999999999998 0.92000000000000004 0.45000000000000001 0.27000000000000002 0.31 0 1
 0.84999999999999998 0.64000000000000001 0.58999999999999997 0.32000000000000001 0.23000000000000001 0 0
 0.85999999999999999 0.54000000000000004 0.33000000000000002 0.16 0.54000000000000004 0 0
 0.91000000000000003 0.78000000000000003 0.34000000000000002 0.23999999999999999 0.35999999999999999 0 0
 0.87 0.69999999999999996 0.12 0.28000000000000003 0.10000000000000001 0 0
 0.97999999999999998 0.55000000000000004 0.13 0.17000000000000001 0.17000000000000001 0 0
 0.88 0.62 0.20000000000000001 0.17000000000000001 0.089999999999999997 0.5 1
 0.88 0.67000000000000004 0.20999999999999999 0.11 0.11 0.5 1
 0.92000000000000004 0.54000000000000004 0.22 0.20000000000000001 0.070000000000000007 0.5 1
 0.90000000000000002 0.59999999999999998 0.25 0.19 0.050000000000000003 0.5 1
 0.89000000000000001 0.52000000000000002 0.13 0.23999999999999999 0.14999999999999999 0.5 1
 0.81999999999999995 0.62 0.17000000000000001 0.17000000000000001 0.14999999999999999 0.5 1
 0.90000000000000002 0.64000000000000001 0.60999999999999999 0.32000000000000001 0.13 0.5 1
 0.85999999999999999 0.77000000000000002 0.25 0.19 0.17999999999999999 0.5 1
 0.95999999999999996 0.67000000000000004 0.28999999999999998 0.20000000000000001 0.11 0.5 1
 0.91000000000000003 0.78000000000000003 0.20000000000000001 0.31 0.17999999999999999 0.5 1
 0.89000000000000001 0.67000000000000004 0.23000000000000001 0.16 0.10000000000000001 0.5 1
 0.89000000000000001 0.79000000000000004 0.17000000000000001 0.17000000000000001 0.16 0.5 1
 0.91000000000000003 1.0700000000000001 0.20000000000000001 0.20000000000000001 0.56000000000000005 0.5 1
 0.93999999999999995 1.1599999999999999 0.11 0.33000000000000002 0.11 0.5 1
 0.92000000000000004 0.58999999999999997 0.34999999999999998 0.13 0.19 0.5 1
 0.93000000000000005 0.23000000000000001 0.34999999999999998 0.20000000000000001 0.20000000000000001 0.5 1
 0.90000000000000002 0.59999999999999998 0.23000000000000001 0.27000000000000002 0.050000000000000003 0.5 1
 0.95999999999999996 0.68000000000000005 0.17999999999999999 0.19 0.19 0.5 1
 0.83999999999999997 0.80000000000000004 0.46999999999999997 0.33000000000000002 0.96999999999999997 0.5 1
 0.92000000000000004 0.69999999999999996 0.23999999999999999 0.13 0.26000000000000001 0.5 1
 0.90000000000000002 0.46999999999999997 0.28000000000000003 0.14999999999999999 0.17999999999999999 0.5 1
 0.88 0.66000000000000003 0.20000000000000001 0.20999999999999999 0.10000000000000001 0.5 1
 0.91000000000000003 1.02 0.17000000000000001 0.13 0.19 0.5 1
 0.87 0.40999999999999998 0.31 0.19 0.16 0.5 1
 0.85999999999999999 0.79000000000000004 0.28000000000000003 0.16 0.17000000000000001 0.5 1
 0.91000000000000003 0.56999999999999995 0.31 0.23000000000000001 0.41999999999999998 0.5 1
 0.93000000000000005 0.77000000000000002 0.32000000000000001 0.17999999999999999 0.28999999999999998 0.5 1
 0.88 0.95999999999999996 0.28000000000000003 0.20999999999999999 0.40000000000000002 0.5 1
 0.93999999999999995 0.65000000000000002 0.22 0.17999999999999999 0.11 0.5 1
 0.91000000000000003 0.71999999999999997 1.55 0.68000000000000005 0.81999999999999995 0.5 0
 0.84999999999999998 0.54000000000000004 0.46999999999999997 0.33000000000000002 0.22 0.5 0
 0.79000000000000004 0.39000000000000001 0.14000000000000001 0.19 0.089999999999999997 0.5 0
 0.84999999999999998 0.84999999999999998 0.25 0.26000000000000001 0.29999999999999999 0.5 0
 0.89000000000000001 0.63 0.23999999999999999 0.20000000000000001 0.38 0.5 0
 0.83999999999999997 0.92000000000000004 0.68000000000000005 0.37 0.44 0.5 0
 0.89000000000000001 0.68000000000000005 0.26000000000000001 0.39000000000000001 0.41999999999999998 0.5 0
 0.89000000000000001 1.01 0.17999999999999999 0.25 0.13 0.5 0
 0.85999999999999999 0.83999999999999997 0.17999999999999999 0.14000000000000001 0.16 0.5 0
 0.84999999999999998 0.65000000000000002 0.25 0.14000000000000001 0.17999999999999999 0.5 0
 0.88 0.60999999999999999 0.19 0.20999999999999999 0.13 0.5 0
 0.92000000000000004 0.56000000000000005 0.14000000000000001 0.16 0.10000000000000001 0.5 0
 0.94999999999999996 0.5 0.28999999999999998 0.25 0.5 0.5 0
 0.91000000000000003 0.75 0.23999999999999999 0.22 0.11 0.5 0
 0.82999999999999996 0.40000000000000002 0.28999999999999998 0.25 0.38 0.5 0
 0.89000000000000001 0.73999999999999999 0.19 0.23000000000000001 0.16 0.5 0
 0.84999999999999998 0.64000000000000001 0.23999999999999999 0.22 0.11 0.5 0
 0.92000000000000004 0.56999999999999995 0.64000000000000001 0.35999999999999999 0.90000000000000002 0.5 0
 0.93999999999999995 0.47999999999999998 0.11 0.23000000000000001 0.42999999999999999 0.5 0
 0.87 0.52000000000000002 0.20999999999999999 0.19 0.29999999999999999 0.5 0
 0.84999999999999998 0.65000000000000002 0.23000000000000001 0.28999999999999998 0.14999999999999999 0.5 0
 0.83999999999999997 0.81999999999999995 0.20999999999999999 0.20999999999999999 0.19 0.5 0
 0.88 0.48999999999999999 0.20000000000000001 0.22 0.19 0.5 0
 0.95999999999999996 0.67000000000000004 0.26000000000000001 0.26000000000000001 0.35999999999999999 0.5 0
 0.90000000000000002 0.63 0.23999999999999999 0.23999999999999999 0.23999999999999999 0.5 0
 0.90000000000000002 0.45000000000000001 0.33000000000000002 0.34000000000000002 0.27000000000000002 0.5 0
 0.90000000000000002 0.71999999999999997 0.14000000000000001 0.14999999999999999 0.17999999999999999 0.5 0
 0.91000000000000003 0.55000000000000004 0.040000000000000001 0.080000000000000002 0.13 0.5 0
 0.91000000000000003 0.52000000000000002 0.14999999999999999 0.22 0.11 0.5 0
 0.87 0.70999999999999996 0.32000000000000001 0.19 0.27000000000000002 1 1
 0.89000000000000001 0.77000000000000002 0.26000000000000001 0.20000000000000001 0.19 1 1
 0.89000000000000001 0.67000000000000004 0.050000000000000003 0.17000000000000001 0.14000000000000001 1 0
 0.84999999999999998 0.51000000000000001 0.26000000000000001 0.23999999999999999 0.23000000000000001 1 0
 1.03 0.75 0.19 0.29999999999999999 0.13 1 0
 0.90000000000000002 0.63 0.16 0.20999999999999999 0.14000000000000001 1 0
 0.90000000000000002 0.63 0.28999999999999998 0.23000000000000001 0.56999999999999995 2 1
 0.90000000000000002 0.67000000000000004 0.34999999999999998 0.19 0.34999999999999998 2 1
 0.87 0.66000000000000003 0.27000000000000002 0.22 0.089999999999999997 2 1
 0.90000000000000002 0.72999999999999998 0.34000000000000002 0.20999999999999999 0.22 2 1
 0.85999999999999999 0.54000000000000004 0.20000000000000001 0.20999999999999999 0.16 2 1
 0.90000000000000002 0.80000000000000004 0.19 0.14000000000000001 0.41999999999999998 2 1
 0.87 0.90000000000000002 0.42999999999999999 0.28000000000000003 1.5600000000000001 2 0
 0.95999999999999996 0.71999999999999997 0.28000000000000003 0.19 0.29999999999999999 2 0
 0.91000000000000003 0.55000000000000004 0.089999999999999997 0.25 0.16 2 0
 0.94999999999999996 0.78000000000000003 0.27000000000000002 0.25 0.29999999999999999 2 0
 0.92000000000000004 1.01 0.34000000000000002 0.29999999999999999 0.64000000000000001 2 0
 0.89000000000000001 0.51000000000000001 0.40999999999999998 0.22 0.47999999999999998 2 0
 0.91000000000000003 0.98999999999999999 0.41999999999999998 0.33000000000000002 0.16 2 0
 0.93999999999999995 0.57999999999999996 0.20999999999999999 0.17999999999999999 0.26000000000000001 2 0
 0.92000000000000004 0.59999999999999998 0.29999999999999999 0.27000000000000002 2.9700000000000002 2 0
 0.93999999999999995 0.57999999999999996 0.20999999999999999 0.17999999999999999 0.26000000000000001 2 0
 0.88 0.46999999999999997 0.33000000000000002 0.26000000000000001 0.28999999999999998 2 0
 0.92000000000000004 0.65000000000000002 0.17000000000000001 0.25 0.089999999999999997 2 0
 0.92000000000000004 0.79000000000000004 0.22 0.20000000000000001 0.11 3 1
