# Created by Octave 5.1.0, Sat Jan 18 21:13:56 2020 GMT <unknown@DESKTOP-H5IEK5P>
# name: cv_in
# type: matrix
# rows: 70
# columns: 6
 0.89000000000000001 0.81999999999999995 0.23000000000000001 0.14000000000000001 0.34999999999999998 0.5
 0.90000000000000002 0.72999999999999998 0.23999999999999999 0.23000000000000001 0.11 0.5
 0.90000000000000002 0.87 0.19 0.25 0.19 0.5
 0.89000000000000001 0.81999999999999995 0.33000000000000002 0.32000000000000001 0.17999999999999999 0.5
 0.84999999999999998 0.79000000000000004 0.17000000000000001 0.080000000000000002 0.089999999999999997 0.5
 0.84999999999999998 1.1899999999999999 0.29999999999999999 0.26000000000000001 0.17000000000000001 0.5
 0.78000000000000003 0.68999999999999995 0.23999999999999999 0.17999999999999999 0.31 0.5
 0.88 1.0700000000000001 0.34000000000000002 0.20999999999999999 0.27000000000000002 0.5
 0.89000000000000001 1.1499999999999999 0.17000000000000001 0.27000000000000002 0.070000000000000007 0.5
 0.92000000000000004 0.67000000000000004 0.23000000000000001 0.14999999999999999 0.12 0.5
 0.89000000000000001 1.01 0.27000000000000002 0.34000000000000002 0.14000000000000001 0.5
 0.91000000000000003 0.83999999999999997 0.11 0.12 0.10000000000000001 0.5
 0.93999999999999995 1.01 0.40999999999999998 0.20000000000000001 0.53000000000000003 0.5
 0.88 0.46000000000000002 0.28999999999999998 0.22 0.17999999999999999 0.5
 0.88 1.22 0.34999999999999998 0.28999999999999998 0.41999999999999998 0.5
 0.83999999999999997 0.88 0.28000000000000003 0.25 0.34999999999999998 0.5
 0.90000000000000002 0.79000000000000004 0.17999999999999999 0.14999999999999999 0.23999999999999999 0.5
 0.87 0.68999999999999995 0.22 0.26000000000000001 0.11 0.5
 0.65000000000000002 0.63 0.19 0.20000000000000001 0.14000000000000001 0.5
 0.90000000000000002 0.64000000000000001 0.12 0.17000000000000001 0.14000000000000001 0.5
 0.84999999999999998 0.57999999999999996 0.17999999999999999 0.23999999999999999 0.16 0.5
 0.88 0.81000000000000005 0.40999999999999998 0.27000000000000002 0.35999999999999999 0.5
 0.85999999999999999 0.78000000000000003 0.52000000000000002 0.28999999999999998 0.62 0.5
 0.81999999999999995 0.73999999999999999 0.38 0.28000000000000003 0.47999999999999998 0.5
 0.85999999999999999 0.57999999999999996 0.35999999999999999 0.27000000000000002 0.58999999999999997 0.5
 0.93999999999999995 0.56000000000000005 0.29999999999999999 0.17999999999999999 0.27000000000000002 0.5
 0.87 0.56999999999999995 0.29999999999999999 0.29999999999999999 0.22 0.5
 0.97999999999999998 0.73999999999999999 1.48 0.75 1.5900000000000001 0.5
 0.93999999999999995 0.75 0.20000000000000001 0.25 0.38 0.5
 0.82999999999999996 0.68000000000000005 0.17000000000000001 0.20000000000000001 0.70999999999999996 0.5
 0.93000000000000005 0.56000000000000005 0.25 0.20999999999999999 0.33000000000000002 0.5
 1.01 0.65000000000000002 0.17999999999999999 0.20999999999999999 0.22 0.5
 0.92000000000000004 0.65000000000000002 0.25 0.20000000000000001 0.31 0.5
 0.92000000000000004 0.57999999999999996 0.14000000000000001 0.16 0.13 0.5
 0.85999999999999999 0.57999999999999996 0.16 0.23000000000000001 0.23000000000000001 0.5
 0.84999999999999998 0.62 0.14999999999999999 0.13 0.22 0.5
 0.85999999999999999 0.56999999999999995 0.13 0.20000000000000001 0.13 0.5
 0.85999999999999999 0.54000000000000004 0.26000000000000001 0.29999999999999999 0.13 0.5
 0.81000000000000005 0.40999999999999998 0.33000000000000002 0.27000000000000002 0.34000000000000002 1
 0.91000000000000003 0.67000000000000004 0.32000000000000001 0.26000000000000001 0.13 1
 0.91000000000000003 0.80000000000000004 0.20999999999999999 0.19 0.14000000000000001 1
 0.92000000000000004 0.59999999999999998 0.23000000000000001 0.14999999999999999 0.19 1
 0.91000000000000003 0.59999999999999998 0.32000000000000001 0.14000000000000001 0.080000000000000002 1
 0.93000000000000005 0.65000000000000002 0.28000000000000003 0.22 0.10000000000000001 1
 0.90000000000000002 0.63 0.45000000000000001 0.23999999999999999 0.84999999999999998 1
 0.87 0.92000000000000004 0.20999999999999999 0.22 0.37 1
 0.82999999999999996 0.78000000000000003 0.31 0.19 1.1499999999999999 1
 0.94999999999999996 0.62 0.23999999999999999 0.23000000000000001 0.14000000000000001 1
 0.93000000000000005 0.58999999999999997 0.40999999999999998 0.29999999999999999 0.47999999999999998 1
 0.83999999999999997 0.81999999999999995 0.42999999999999999 0.32000000000000001 0.38 2
 0.87 0.70999999999999996 0.33000000000000002 0.20000000000000001 0.22 2
 0.85999999999999999 0.44 0.23999999999999999 0.14999999999999999 0.17999999999999999 2
 0.85999999999999999 0.66000000000000003 0.28000000000000003 0.23999999999999999 0.20999999999999999 2
 0.88 0.57999999999999996 0.31 0.17000000000000001 0.17000000000000001 2
 0.90000000000000002 0.60999999999999999 0.28000000000000003 0.28999999999999998 0.31 2
 0.88 0.68999999999999995 0.69999999999999996 0.23999999999999999 0.64000000000000001 2
 0.93000000000000005 0.87 0.17999999999999999 0.17000000000000001 0.26000000000000001 2
 0.97999999999999998 0.57999999999999996 0.33000000000000002 0.20999999999999999 0.28000000000000003 2
 0.91000000000000003 0.44 0.17999999999999999 0.17999999999999999 0.23000000000000001 2
 0.87 0.75 0.37 0.19 0.69999999999999996 2
 0.93999999999999995 0.91000000000000003 0.29999999999999999 0.26000000000000001 0.25 2
 0.88 0.84999999999999998 0.14000000000000001 0.14999999999999999 0.10000000000000001 2
 0.89000000000000001 1.0900000000000001 0.26000000000000001 0.25 0.27000000000000002 2
 0.87 0.58999999999999997 0.37 0.27000000000000002 0.34000000000000002 2
 0.93000000000000005 0.57999999999999996 0.20000000000000001 0.23000000000000001 0.17999999999999999 2
 0.88 0.56999999999999995 0.089999999999999997 0.14999999999999999 0.16 2
 0.93999999999999995 0.65000000000000002 0.38 0.27000000000000002 0.17000000000000001 3
 0.91000000000000003 0.70999999999999996 0.12 0.22 0.11 3
 0.90000000000000002 0.55000000000000004 0.20000000000000001 0.20000000000000001 0.16 3
 0.91000000000000003 0.64000000000000001 0.20999999999999999 0.17000000000000001 0.26000000000000001 3


