# Created by Octave 5.1.0, Sat Jan 18 21:13:56 2020 GMT <unknown@DESKTOP-H5IEK5P>
# name: cv_out
# type: matrix
# rows: 70
# columns: 1
 1
 1
 1
 1
 1
 1
 1
 1
 1
 1
 1
 1
 0
 0
 0
 0
 0
 0
 0
 0
 0
 0
 0
 0
 0
 0
 0
 0
 0
 0
 0
 0
 0
 0
 0
 0
 0
 0
 1
 1
 1
 1
 1
 1
 0
 0
 0
 0
 0
 1
 1
 1
 1
 1
 1
 1
 1
 1
 0
 0
 0
 0
 0
 0
 0
 0
 1
 1
 1
 0


