# Created by Octave 5.1.0, Thu Jan 23 14:44:34 2020 GMT <unknown@DESKTOP-H5IEK5P>
# name: input
# type: matrix
# rows: 768
# columns: 9
 1 0.97999999999999998 514.5 294 110.25 7 2 0 0
 1 0.97999999999999998 514.5 294 110.25 7 3 0 0
 1 0.97999999999999998 514.5 294 110.25 7 4 0 0
 1 0.97999999999999998 514.5 294 110.25 7 5 0 0
 1 0.90000000000000002 563.5 318.5 122.5 7 2 0 0
 1 0.90000000000000002 563.5 318.5 122.5 7 3 0 0
 1 0.90000000000000002 563.5 318.5 122.5 7 4 0 0
 1 0.90000000000000002 563.5 318.5 122.5 7 5 0 0
 1 0.85999999999999999 588 294 147 7 2 0 0
 1 0.85999999999999999 588 294 147 7 3 0 0
 1 0.85999999999999999 588 294 147 7 4 0 0
 1 0.85999999999999999 588 294 147 7 5 0 0
 1 0.81999999999999995 612.5 318.5 147 7 2 0 0
 1 0.81999999999999995 612.5 318.5 147 7 3 0 0
 1 0.81999999999999995 612.5 318.5 147 7 4 0 0
 1 0.81999999999999995 612.5 318.5 147 7 5 0 0
 1 0.79000000000000004 637 343 147 7 2 0 0
 1 0.79000000000000004 637 343 147 7 3 0 0
 1 0.79000000000000004 637 343 147 7 4 0 0
 1 0.79000000000000004 637 343 147 7 5 0 0
 1 0.76000000000000001 661.5 416.5 122.5 7 2 0 0
 1 0.76000000000000001 661.5 416.5 122.5 7 3 0 0
 1 0.76000000000000001 661.5 416.5 122.5 7 4 0 0
 1 0.76000000000000001 661.5 416.5 122.5 7 5 0 0
 1 0.73999999999999999 686 245 220.5 3.5 2 0 0
 1 0.73999999999999999 686 245 220.5 3.5 3 0 0
 1 0.73999999999999999 686 245 220.5 3.5 4 0 0
 1 0.73999999999999999 686 245 220.5 3.5 5 0 0
 1 0.70999999999999996 710.5 269.5 220.5 3.5 2 0 0
 1 0.70999999999999996 710.5 269.5 220.5 3.5 3 0 0
 1 0.70999999999999996 710.5 269.5 220.5 3.5 4 0 0
 1 0.70999999999999996 710.5 269.5 220.5 3.5 5 0 0
 1 0.68999999999999995 735 294 220.5 3.5 2 0 0
 1 0.68999999999999995 735 294 220.5 3.5 3 0 0
 1 0.68999999999999995 735 294 220.5 3.5 4 0 0
 1 0.68999999999999995 735 294 220.5 3.5 5 0 0
 1 0.66000000000000003 759.5 318.5 220.5 3.5 2 0 0
 1 0.66000000000000003 759.5 318.5 220.5 3.5 3 0 0
 1 0.66000000000000003 759.5 318.5 220.5 3.5 4 0 0
 1 0.66000000000000003 759.5 318.5 220.5 3.5 5 0 0
 1 0.64000000000000001 784 343 220.5 3.5 2 0 0
 1 0.64000000000000001 784 343 220.5 3.5 3 0 0
 1 0.64000000000000001 784 343 220.5 3.5 4 0 0
 1 0.64000000000000001 784 343 220.5 3.5 5 0 0
 1 0.62 808.5 367.5 220.5 3.5 2 0 0
 1 0.62 808.5 367.5 220.5 3.5 3 0 0
 1 0.62 808.5 367.5 220.5 3.5 4 0 0
 1 0.62 808.5 367.5 220.5 3.5 5 0 0
 1 0.97999999999999998 514.5 294 110.25 7 2 0.10000000000000001 1
 1 0.97999999999999998 514.5 294 110.25 7 3 0.10000000000000001 1
 1 0.97999999999999998 514.5 294 110.25 7 4 0.10000000000000001 1
 1 0.97999999999999998 514.5 294 110.25 7 5 0.10000000000000001 1
 1 0.90000000000000002 563.5 318.5 122.5 7 2 0.10000000000000001 1
 1 0.90000000000000002 563.5 318.5 122.5 7 3 0.10000000000000001 1
 1 0.90000000000000002 563.5 318.5 122.5 7 4 0.10000000000000001 1
 1 0.90000000000000002 563.5 318.5 122.5 7 5 0.10000000000000001 1
 1 0.85999999999999999 588 294 147 7 2 0.10000000000000001 1
 1 0.85999999999999999 588 294 147 7 3 0.10000000000000001 1
 1 0.85999999999999999 588 294 147 7 4 0.10000000000000001 1
 1 0.85999999999999999 588 294 147 7 5 0.10000000000000001 1
 1 0.81999999999999995 612.5 318.5 147 7 2 0.10000000000000001 1
 1 0.81999999999999995 612.5 318.5 147 7 3 0.10000000000000001 1
 1 0.81999999999999995 612.5 318.5 147 7 4 0.10000000000000001 1
 1 0.81999999999999995 612.5 318.5 147 7 5 0.10000000000000001 1
 1 0.79000000000000004 637 343 147 7 2 0.10000000000000001 1
 1 0.79000000000000004 637 343 147 7 3 0.10000000000000001 1
 1 0.79000000000000004 637 343 147 7 4 0.10000000000000001 1
 1 0.79000000000000004 637 343 147 7 5 0.10000000000000001 1
 1 0.76000000000000001 661.5 416.5 122.5 7 2 0.10000000000000001 1
 1 0.76000000000000001 661.5 416.5 122.5 7 3 0.10000000000000001 1
 1 0.76000000000000001 661.5 416.5 122.5 7 4 0.10000000000000001 1
 1 0.76000000000000001 661.5 416.5 122.5 7 5 0.10000000000000001 1
 1 0.73999999999999999 686 245 220.5 3.5 2 0.10000000000000001 1
 1 0.73999999999999999 686 245 220.5 3.5 3 0.10000000000000001 1
 1 0.73999999999999999 686 245 220.5 3.5 4 0.10000000000000001 1
 1 0.73999999999999999 686 245 220.5 3.5 5 0.10000000000000001 1
 1 0.70999999999999996 710.5 269.5 220.5 3.5 2 0.10000000000000001 1
 1 0.70999999999999996 710.5 269.5 220.5 3.5 3 0.10000000000000001 1
 1 0.70999999999999996 710.5 269.5 220.5 3.5 4 0.10000000000000001 1
 1 0.70999999999999996 710.5 269.5 220.5 3.5 5 0.10000000000000001 1
 1 0.68999999999999995 735 294 220.5 3.5 2 0.10000000000000001 1
 1 0.68999999999999995 735 294 220.5 3.5 3 0.10000000000000001 1
 1 0.68999999999999995 735 294 220.5 3.5 4 0.10000000000000001 1
 1 0.68999999999999995 735 294 220.5 3.5 5 0.10000000000000001 1
 1 0.66000000000000003 759.5 318.5 220.5 3.5 2 0.10000000000000001 1
 1 0.66000000000000003 759.5 318.5 220.5 3.5 3 0.10000000000000001 1
 1 0.66000000000000003 759.5 318.5 220.5 3.5 4 0.10000000000000001 1
 1 0.66000000000000003 759.5 318.5 220.5 3.5 5 0.10000000000000001 1
 1 0.64000000000000001 784 343 220.5 3.5 2 0.10000000000000001 1
 1 0.64000000000000001 784 343 220.5 3.5 3 0.10000000000000001 1
 1 0.64000000000000001 784 343 220.5 3.5 4 0.10000000000000001 1
 1 0.64000000000000001 784 343 220.5 3.5 5 0.10000000000000001 1
 1 0.62 808.5 367.5 220.5 3.5 2 0.10000000000000001 1
 1 0.62 808.5 367.5 220.5 3.5 3 0.10000000000000001 1
 1 0.62 808.5 367.5 220.5 3.5 4 0.10000000000000001 1
 1 0.62 808.5 367.5 220.5 3.5 5 0.10000000000000001 1
 1 0.97999999999999998 514.5 294 110.25 7 2 0.10000000000000001 2
 1 0.97999999999999998 514.5 294 110.25 7 3 0.10000000000000001 2
 1 0.97999999999999998 514.5 294 110.25 7 4 0.10000000000000001 2
 1 0.97999999999999998 514.5 294 110.25 7 5 0.10000000000000001 2
 1 0.90000000000000002 563.5 318.5 122.5 7 2 0.10000000000000001 2
 1 0.90000000000000002 563.5 318.5 122.5 7 3 0.10000000000000001 2
 1 0.90000000000000002 563.5 318.5 122.5 7 4 0.10000000000000001 2
 1 0.90000000000000002 563.5 318.5 122.5 7 5 0.10000000000000001 2
 1 0.85999999999999999 588 294 147 7 2 0.10000000000000001 2
 1 0.85999999999999999 588 294 147 7 3 0.10000000000000001 2
 1 0.85999999999999999 588 294 147 7 4 0.10000000000000001 2
 1 0.85999999999999999 588 294 147 7 5 0.10000000000000001 2
 1 0.81999999999999995 612.5 318.5 147 7 2 0.10000000000000001 2
 1 0.81999999999999995 612.5 318.5 147 7 3 0.10000000000000001 2
 1 0.81999999999999995 612.5 318.5 147 7 4 0.10000000000000001 2
 1 0.81999999999999995 612.5 318.5 147 7 5 0.10000000000000001 2
 1 0.79000000000000004 637 343 147 7 2 0.10000000000000001 2
 1 0.79000000000000004 637 343 147 7 3 0.10000000000000001 2
 1 0.79000000000000004 637 343 147 7 4 0.10000000000000001 2
 1 0.79000000000000004 637 343 147 7 5 0.10000000000000001 2
 1 0.76000000000000001 661.5 416.5 122.5 7 2 0.10000000000000001 2
 1 0.76000000000000001 661.5 416.5 122.5 7 3 0.10000000000000001 2
 1 0.76000000000000001 661.5 416.5 122.5 7 4 0.10000000000000001 2
 1 0.76000000000000001 661.5 416.5 122.5 7 5 0.10000000000000001 2
 1 0.73999999999999999 686 245 220.5 3.5 2 0.10000000000000001 2
 1 0.73999999999999999 686 245 220.5 3.5 3 0.10000000000000001 2
 1 0.73999999999999999 686 245 220.5 3.5 4 0.10000000000000001 2
 1 0.73999999999999999 686 245 220.5 3.5 5 0.10000000000000001 2
 1 0.70999999999999996 710.5 269.5 220.5 3.5 2 0.10000000000000001 2
 1 0.70999999999999996 710.5 269.5 220.5 3.5 3 0.10000000000000001 2
 1 0.70999999999999996 710.5 269.5 220.5 3.5 4 0.10000000000000001 2
 1 0.70999999999999996 710.5 269.5 220.5 3.5 5 0.10000000000000001 2
 1 0.68999999999999995 735 294 220.5 3.5 2 0.10000000000000001 2
 1 0.68999999999999995 735 294 220.5 3.5 3 0.10000000000000001 2
 1 0.68999999999999995 735 294 220.5 3.5 4 0.10000000000000001 2
 1 0.68999999999999995 735 294 220.5 3.5 5 0.10000000000000001 2
 1 0.66000000000000003 759.5 318.5 220.5 3.5 2 0.10000000000000001 2
 1 0.66000000000000003 759.5 318.5 220.5 3.5 3 0.10000000000000001 2
