# Created by Octave 5.1.0, Thu Jan 23 14:44:56 2020 GMT <unknown@DESKTOP-H5IEK5P>
# name: out
# type: matrix
# rows: 768
# columns: 1
 15.550000000000001
 15.550000000000001
 15.550000000000001
 15.550000000000001
 20.84
 21.460000000000001
 20.710000000000001
 19.68
 19.5
 19.949999999999999
 19.34
 18.309999999999999
 17.050000000000001
 17.41
 16.949999999999999
 15.98
 28.52
 29.899999999999999
 29.629999999999999
 28.75
 24.77
 23.93
 24.77
 23.93
 6.0700000000000003
 6.0499999999999998
 6.0099999999999998
 6.04
 6.3700000000000001
 6.4000000000000004
 6.3700000000000001
 6.4000000000000004
 6.8499999999999996
 6.79
 6.7699999999999996
 6.8099999999999996
 7.1799999999999997
 7.0999999999999996
 7.0999999999999996
 7.0999999999999996
 10.85
 10.539999999999999
 10.77
 10.56
 8.5999999999999996
 8.4900000000000002
 8.4499999999999993
 8.5
 24.579999999999998
 24.629999999999999
 24.629999999999999
 24.59
 29.030000000000001
 29.870000000000001
 29.140000000000001
 28.09
 26.280000000000001
 26.91
 26.370000000000001
 25.27
 23.530000000000001
 24.030000000000001
 23.539999999999999
 22.579999999999998
 35.560000000000002
 37.119999999999997
 36.899999999999999
 35.939999999999998
 32.960000000000001
 32.119999999999997
 32.939999999999998
 32.210000000000001
 10.359999999999999
 10.43
 10.359999999999999
 10.390000000000001
 10.710000000000001
 10.800000000000001
 10.699999999999999
 10.75
 11.109999999999999
 11.130000000000001
 11.09
 11.16
 11.68
 11.69
 11.699999999999999
 11.69
 15.41
 15.199999999999999
 15.42
 15.210000000000001
 12.960000000000001
 12.970000000000001
 12.93
 13.02
 24.289999999999999
 24.309999999999999
 24.129999999999999
 24.25
 28.879999999999999
 29.68
 28.829999999999998
 27.899999999999999
 26.48
 27.02
 26.329999999999998
 25.359999999999999
 23.75
 24.23
 23.670000000000002
 22.789999999999999
 35.649999999999999
 37.259999999999998
 36.969999999999999
 36.030000000000001
 33.159999999999997
 32.399999999999999
 33.119999999999997
 32.409999999999997
 10.42
 10.460000000000001
 10.32
 10.449999999999999
 10.640000000000001
 10.720000000000001
 10.550000000000001
 10.68
 11.449999999999999
 11.460000000000001
 11.32
 11.49
 11.449999999999999
 11.42
 11.33
 11.43
 15.41
 15.18
 15.34
 15.19
 12.880000000000001
 13
 12.970000000000001
 13.039999999999999
 24.280000000000001
 24.399999999999999
 24.109999999999999
 24.350000000000001
 28.07
 29.010000000000002
 29.620000000000001
 29.050000000000001
 25.41
 26.469999999999999
 26.890000000000001
 26.460000000000001
 22.93
 23.84
 24.170000000000002
 23.870000000000001
 35.780000000000001
 35.479999999999997
 36.969999999999999
 36.700000000000003
 32.520000000000003
 33.280000000000001
 32.329999999999998
 33.240000000000002
 10.390000000000001
 10.34
 10.35
 10.380000000000001
 10.77
 10.68
 10.68
 10.699999999999999
 11.220000000000001
 11.16
 11.1
 11.140000000000001
 11.59
 11.6
 11.529999999999999
 11.609999999999999
 15.16
 15.359999999999999
 15.119999999999999
 15.359999999999999
 12.68
 12.630000000000001
 12.710000000000001
 12.73
 24.379999999999999
 24.23
 24.039999999999999
 24.32
 29.059999999999999
 28.050000000000001
 28.859999999999999
 29.789999999999999
 26.440000000000001
 25.370000000000001
 26.329999999999998
 27.030000000000001
 23.800000000000001
 22.800000000000001
 23.59
 24.239999999999998
 36.859999999999999
 35.890000000000001
 35.450000000000003
 37.100000000000001
 33.079999999999998
 32.380000000000003
 33.090000000000003
 32.310000000000002
 10.08
 10.15
 10.07
 10.140000000000001
 10.66
 10.68
 10.529999999999999
 10.720000000000001
 11.18
 11.220000000000001
 11.07
 11.199999999999999
 11.44
 11.42
 11.33
 11.43
 15.4
 15.19
 15.32
 15.16
 12.85
 13.039999999999999
 13
 13
 24.350000000000001
 24.329999999999998
 24.030000000000001
 24.260000000000002
 29.829999999999998
 29.079999999999998
 28.030000000000001
 29.02
 27.030000000000001
 26.449999999999999
 25.359999999999999
 26.449999999999999
 24.370000000000001
 23.890000000000001
 22.890000000000001
 23.859999999999999
 37.030000000000001
 36.710000000000001
 36.770000000000003
 35.479999999999997
 32.310000000000002
 33.210000000000001
 32.460000000000001
 33.270000000000003
 10.470000000000001
 10.369999999999999
 10.34
 10.390000000000001
 10.779999999999999
 10.699999999999999
 10.67
 13.69
 11.210000000000001
 11.140000000000001
 11.109999999999999
 11.16
 11.380000000000001
 11.34
 11.220000000000001
 11.34
 15.16
 15.369999999999999
 15.119999999999999
 15.359999999999999
 12.59
 12.74
 12.800000000000001
 12.619999999999999
 28.149999999999999
 28.149999999999999
 28.370000000000001
 28.41
 32.68
 33.479999999999997
 32.840000000000003
 32
 29.539999999999999
 30.050000000000001
 29.600000000000001
 28.66
 26.84
 27.27
 26.969999999999999
 26.190000000000001
 38.670000000000002
 40.030000000000001
 39.859999999999999
 39.039999999999999
 36.960000000000001
 36.130000000000003
 36.909999999999997
 36.43
 12.43
 12.5
 12.41
 12.449999999999999
 12.57
 12.65
 12.57
 12.630000000000001
 12.779999999999999
 12.93
 12.73
 12.720000000000001
 13.17
 13.18
 13.17
 13.18
 17.5
 17.350000000000001
 17.52
 17.370000000000001
 15.09
 15.119999999999999
 15.08
 15.16
 28.670000000000002
 28.57
 28.18
 28.600000000000001
 32.460000000000001
 33.270000000000003
 32.329999999999998
 31.66
 29.34
 29.870000000000001
 29.27
 28.399999999999999
 25.739999999999998
 25.98
 25.379999999999999
 24.940000000000001
 38.57
 40.189999999999998
 39.969999999999999
 38.979999999999997
 36.950000000000003
 36.280000000000001
 36.859999999999999
 36.450000000000003
 12.35
 12.449999999999999
 12.16
 12.300000000000001
 12.33
 12.289999999999999
 12.199999999999999
 12.49
 12.85
 12.869999999999999
 12.73
 12.949999999999999
 13.050000000000001
 12.93
 12.77
 13
 17.140000000000001
 16.84
 17.02
 17.109999999999999
 14.34
 14.66
 14.6
 14.6
 28.670000000000002
 28.559999999999999
 28.170000000000002
 28.629999999999999
 31.629999999999999
 32.399999999999999
 32.68
 32.289999999999999
 28.399999999999999
 29.399999999999999
 29.43
 29.07
 24.699999999999999
 25.48
 25.370000000000001
 25.170000000000002
 39.039999999999999
 38.350000000000001
 39.810000000000002
 39.829999999999998
 35.990000000000002
 36.590000000000003
 35.640000000000001
 36.520000000000003
 11.800000000000001
 12.029999999999999
 11.98
 11.69
 12.41
 12.279999999999999
 12.1
 12.19
 12.34
 12.460000000000001
 12.31
 12.119999999999999
 12.970000000000001
 13.01
 12.74
 12.84
 16.829999999999998
 16.93
 16.66
 16.859999999999999
 13.91
 14.34
 13.949999999999999
 13.99
 28.699999999999999
 28.550000000000001
 28.149999999999999
 28.620000000000001
 32.670000000000002
 31.690000000000001
 32.07
 33.280000000000001
 29.469999999999999
 28.420000000000002
 29.079999999999998
 29.879999999999999
 25.66
 24.960000000000001
 25.43
 26
 40
 38.840000000000003
 38.329999999999998
 40.119999999999997
 36.950000000000003
 36.450000000000003
 36.810000000000002
 36.259999999999998
 12.32
 12.300000000000001
 12.18
 12.43
 12.359999999999999
 12.49
 12.17
 12.279999999999999
 12.91
 12.949999999999999
 12.67
 12.859999999999999
 12.949999999999999
 13
 12.859999999999999
 12.92
 16.989999999999998
 16.690000000000001
 16.559999999999999
 16.620000000000001
 14.33
 14.609999999999999
 14.609999999999999
 14.65
 28.690000000000001
 28.579999999999998
 28.149999999999999
 28.609999999999999
 33.130000000000003
 32.310000000000002
 31.530000000000001
 32.460000000000001
 29.710000000000001
 29.09
 28.309999999999999
 29.390000000000001
 25.699999999999999
 25.170000000000002
 24.600000000000001
 25.489999999999998
 39.890000000000001
 39.829999999999998
 39.009999999999998
 38.649999999999999
 35.689999999999998
 36.640000000000001
 36.060000000000002
 36.700000000000003
 12.119999999999999
 11.67
 11.640000000000001
 12.02
 12.27
 12.19
 12.25
 12.27
 12.470000000000001
 12.119999999999999
 12.18
 12.470000000000001
 12.93
 12.82
